H2 5.0 -5.0 -5.0 5.0 1111 1 0.40 0.20 0
I2 -2.0 2.0 -1.0 4.0 1112 1 1.25 0.30 0
J2 -2.0 2.0 -1.0 4.0 1113 1 1.25 0.30 0
J3 -2.0 2.0 -4.0 1.0 1115 1 1.25 0.40 0
I3 -1.0 2.0 -4.0 1.0 1116 1 1.25 0.40 0
H3 5.0 -5.0 -5.0 5.0 1117 1 0.40 0.25 0
G3 5.0 -5.0 -5.0 5.0 1118 1 3.33 0.40 0
F3 5.0 -5.0 -4.0 1.0 1119 1 3.33 0.40 0
E3 5.0 -5.0 -4.0 1.0 1120 1 2.00 0.40 0
C3 5.0 -5.0 -4.0 1.0 1123 1 2.00 0.40 -5
B3 -3.0 3.0 -4.0 1.0 1124 1 2.00 0.40 -10
A3 -3.0 3.0 -4.0 1.0 1125 1 2.00 0.40 -25
A4 5.0 -5.0 -5.0 5.0 1126 1 2.00 0.77 -25
B4 -3.0 3.0 -4.0 0.0 1127 1 2.00 0.77 -10
B4 -3.0 3.0 -4.0 0.0 1128 1 2.00 0.77 -10
C4 -3.0 1.0 -5.0 0.0 1129 1 2.00 0.77 -5
D4 -2.0 2.0 -5.0 -1.0 1130 1 2.00 0.77 0
E4 -3.0 1.0 -5.0 0.0 1131 1 2.00 0.77 0
F4 5.0 -5.0 -5.0 5.0 1132 1 3.33 0.77 0
G4 5.0 -5.0 -5.0 5.0 1133 1 3.33 0.77 0
H4 5.0 -5.0 -5.0 5.0 1134 1 0.40 9999999 0
I4 -3.0 3.0 -4.0 0.5 1135 1 1.25 9999999 0
J4 -4.0 2.0 -4.0 0.0 1136 1 1.25 9999999 0
I4 -3.0 2.0 -4.0 0.0 1137 1 1.25 9999999 0
H4 5.0 -5.0 -5.0 5.0 1138 1 0.40 9999999 0
G4 5.0 -5.0 -5.0 5.0 1139 1 3.33 0.77 0
B5 -10.0 10.0 -10.0 10.0 1146 1 2.00 0.77 10
C5 -2.0 2.0 -4.0 1.0 1147 1 2.00 0.77 15
D5 -3.0 3.0 -4.0 1.0 1148 1 2.00 0.77 20
E5 -2.0 2.0 -4.0 1.0 1149 1 2.00 0.77 25
E5 -3.0 3.0 -4.0 1.0 1150 1 2.00 0.77 25
F5 -2.0 2.0 -4.0 1.0 1151 1 2.50 0.77 0
G5 -3.0 1.0 -4.0 1.0 1152 1 1.67 0.77 0
H5 5.0 -5.0 -5.0 5.0 1153 1 0.80 9999999 0
I5 -3.0 3.0 -4.0 1.0 1154 1 1.00 9999999 0
J5 5.0 -5.0 -5.0 5.0 1155 1 1.00 9999999 0
A6 -3.0 2.0 -4.0 1.0 1156 1 2.00 0.40 5
B6 -1.0 3.0 -4.0 1.0 1157 1 2.00 0.40 10
C6 -3.0 3.0 -4.0 1.0 1158 1 2.00 0.40 15
C6 -10.0 10.0 -10.0 10.0 1160 1 2.00 0.40 15
D6 -3.0 3.0 -4.0 1.0 1161 1 2.00 0.40 20
E6 5.0 -5.0 -5.0 5.0 1162 1 2.00 0.40 25
F6 -4.0 0.0 -4.0 1.0 1163 1 2.50 0.40 0
G6 -4.0 1.0 -4.0 1.0 1164 1 1.67 0.40 0
H6 5.0 -5.0 -5.0 5.0 1165 1 0.80 0.25 0
I6 -3.0 3.0 -4.0 1.0 1166 1 1.00 0.40 0
J6 5.0 -5.0 -5.0 5.0 1167 1 1.00 0.40 0
A7 -4.0 1.0 -4.0 1.0 1168 1 2.00 0.30 5
B7 5.0 -5.0 -5.0 5.0 1169 1 2.00 0.30 10
C7 5.0 -5.0 -5.0 5.0 1170 1 2.00 0.30 15
D7 -3.0 3.0 -4.0 1.0 1171 1 2.00 0.30 20
E7 -3.0 3.0 -4.0 1.0 1172 1 2.00 0.30 25
F7 -3.0 1.0 -3.0 1.0 1173 1 2.50 0.30 0
G7 5.0 -5.0 -5.0 5.0 1174 1 1.67 0.30 0
H7 5.0 -5.0 -5.0 5.0 1175 1 0.80 0.20 0
I7 -3.0 3.0 -3.0 1.0 1176 1 1.00 0.30 0
J7 5.0 -5.0 -5.0 5.0 1177 1 1.00 0.30 0
A8 -3.0 -1.0 -3.0 1.0 1178 1 2.00 0.50 5
B8 5.0 -5.0 -5.0 5.0 1179 1 2.00 0.50 10
C8 -3.0 3.0 -4.0 1.0 1180 1 2.00 0.50 15
D8 -3.0 3.0 -4.0 1.0 1181 1 2.00 0.50 20
E8 -3.0 3.0 -4.0 1.0 1182 1 2.00 0.50 25
F8 5.0 -5.0 -5.0 5.0 1183 1 2.50 0.50 0
G8 -3.0 3.0 -4.0 1.0 1184 1 1.67 0.50 0
H8 5.0 -5.0 -5.0 5.0 1185 1 0.80 0.50 150
J8 5.0 -5.0 -5.0 5.0 1186 1 1.00 0.25 0
A9 -3.0 -1.0 -5.0 -2.0 1187 1 2.00 1.00 5
B9 1.0 4.0 -5.0 -1.0 1188 1 2.00 1.00 10
C9 -3.0 3.0 -5.0 -2.0 1189 1 2.00 1.00 15
D9 -3.0 3.0 -5.0 -2.0 1190 1 2.00 1.00 20
E9 -3.0 3.0 -5.0 -2.0 1191 1 2.00 1.00 25
F9 -3.0 0.0 -5.0 2.0 1192 1 2.50 1.00 0
G9 -3.0 -0.5 -5.0 -1.0 1193 1 1.67 1.00 0
H9 5.0 -5.0 -5.0 -1.0 1194 1 0.80 0.40 0
I9 -3.0 3.0 -5.0 -1.0 1195 1 1.00 0.40 5
J9 5.0 -5.0 -5.0 5.0 1196 1 1.00 0.40 5
J9 -10.0 10.0 -10.0 10.0 1197 1 1.00 0.40 5
I2 -10.0 10.0 -10.0 10.0 1198 1 1.25 0.30 0
I2 -1.0 3.0 -5.0 1.0 1199 1 1.25 0.30 0
H2 5.0 -5.0 -5.0 5.0 1205 1 0.40 0.20 0
H2 -10.0 10.0 -10.0 10.0 1206 1 0.40 0.20 0
I2 -10.0 10.0 -10.0 10.0 1207 1 1.25 0.30 0
I2 -10.0 10.0 -10.0 10.0 1212 1 1.25 0.30 0
I2 -10.0 10.0 -10.0 10.0 1213 1 1.25 0.30 0
I2 -10.0 10.0 -10.0 10.0 1214 1 1.25 0.30 0
I2 -10.0 10.0 -10.0 10.0 1215 1 1.25 0.30 0
I2 -10.0 10.0 -10.0 10.0 1216 1 1.25 0.30 0
I2 -3.0 1.0 -4.0 3.0 1218 1 1.25 0.30 0
I2 -10.0 10.0 -10.0 10.0 1219 1 1.25 0.30 0
I2 -3.0 2.0 -4.0 3.0 1220 1 1.25 0.30 0
J2 -2.0 2.0 -2.0 4.0 1221 1 1.25 0.30 0
J3 -3.0 3.0 -4.0 0.0 1223 1 1.25 0.40 0
I2 5.0 -5.0 -5.0 5.0 1240 1 1.25 0.30 0
I2 5.0 -5.0 -5.0 5.0 1241 1 1.25 0.30 0
I2 5.0 -5.0 -5.0 5.0 1242 1 1.25 0.30 0
I2 -2.0 3.0 -5.0 5.0 1243 1 1.25 0.30 0
I2 -3.0 3.0 -3.0 -1.0 1250 1 1.25 0.30 0
I2 -10.0 10.0 -10.0 10.0 1251 1 1.25 0.30 0
I2 -3.0 3.0 -3.0 -1.0 1252 1 1.25 0.30 0
J2 -4.0 4.0 -3.0 -1.0 1253 1 1.25 0.30 0
J3 -4.0 4.0 -3.0 -1.0 1254 1 1.25 0.40 0
J4 -4.0 4.0 -3.0 -1.0 1255 1 1.25 9999999 0
J5 -2.0 -1.0 -3.0 2.0 1256 1 1.00 9999999 0
J6 5.0 -5.0 -3.0 2.0 1257 1 1.00 0.40 0
J7 -5.0 -2.0 -4.0 -1.0 1258 1 1.00 0.30 0
J8 -5.0 -2.0 -3.0 -1.0 1259 1 1.00 0.25 0
J9 -5.0 -2.0 -3.0 -1.0 1260 1 1.00 0.40 5
J1 -4.0 4.0 -3.0 3.0 1261 1 1.25 0.25 0
J0 -3.0 3.0 -3.0 3.0 1262 1 1.25 0.40 5
I0 -3.0 3.0 -3.0 3.0 1263 1 1.25 0.40 5
I1 -3.0 3.0 -3.0 3.0 1266 1 1.25 0.25 0
I2 -3.0 3.0 -3.0 -1.0 1267 1 1.25 0.30 0
I3 -4.0 3.0 -3.0 3.0 1268 1 1.25 0.40 0
I4 -4.0 4.0 -3.0 3.0 1269 1 1.25 9999999 0
I5 -4.0 4.0 -3.0 3.0 1270 1 1.00 9999999 0
I6 -3.0 3.0 -3.0 3.0 1271 1 1.00 0.40 0
I7 -10.0 10.0 -10.0 10.0 1272 1 1.00 0.30 0
I8 -3.0 3.0 -3.0 3.0 1273 1 1.00 0.25 0
I9 -3.0 3.0 -3.0 3.0 1274 1 1.00 0.40 5
A3 -3.0 3.0 -3.0 3.0 1275 1 2.00 0.40 -25
C3 -3.0 0.0 -3.0 3.0 1276 1 2.00 0.40 -5
E3 -4.0 0.0 -3.0 3.0 1277 1 2.00 0.40 0
G3 5.0 -5.0 -3.0 -3.0 1278 1 3.33 0.40 0
G4 5.0 -5.0 -3.0 -3.0 1279 1 3.33 0.77 0
E4 -4.0 1.0 -3.0 3.0 1280 1 2.00 0.77 0
C4 -4.0 1.0 -3.0 3.0 1281 1 2.00 0.77 -5
A4 -3.0 3.0 -3.0 3.0 1282 1 2.00 0.77 -25
I2 5.0 -5.0 -3.0 -3.0 1283 1 1.25 0.30 0
I2 -4.0 2.0 -3.0 -1.0 1287 1 1.25 0.30 0
I2 -4.0 4.0 -3.0 -1.0 1290 1 1.25 0.30 0
I2 -10.0 10.0 -10.0 10.0 1291 1 1.25 0.30 0
A0 -3.0 3.0 -2.0 3.0 1293 1 2.00 1.00 -25
A0 -3.0 3.0 -2.0 2.0 1294 1 2.00 1.00 -25
B0 -3.0 -1.0 -2.0 2.0 1295 1 2.00 1.00 -10
I4 -3.0 3.0 -3.0 0.0 1296 1 1.25 9999999 0
I2 -4.0 2.0 -3.0 -1.0 1297 1 1.25 0.30 0
C0 -4.0 0.0 -0.0 3.0 1298 1 2.00 1.00 -5
D0 -4.0 4.0 -0.0 3.0 1300 1 2.00 1.00 0
D3 -3.0 3.0 -0.0 3.0 1302 1 2.00 0.40 0
D4 -3.0 3.0 -3.0 3.0 1303 1 2.00 0.77 0
F6 -3.0 1.0 -3.0 3.0 1304 1 2.50 0.40 0
H8 -2.0 1.0 -3.0 3.0 1305 1 0.80 0.50 150
D8 -3.0 3.0 -3.0 3.0 1306 1 2.00 0.50 20
D1 -3.0 3.0 -3.0 3.0 1307 1 2.00 0.50 0
H1 -3.0 1.0 -3.0 3.0 1308 1 0.40 0.50 150
J8 -3.0 -1.0 -3.0 3.0 1310 1 1.00 0.25 0
I8 -3.0 3.0 -3.0 3.0 1311 1 1.00 0.25 0
H8 -2.0 1.0 -3.0 3.0 1312 1 0.80 0.50 150
G8 -1.0 1.0 -3.0 3.0 1313 1 1.67 0.50 0
F8 -3.0 1.0 -3.0 3.0 1314 1 2.50 0.50 0
E8 -3.0 3.0 -3.0 3.0 1315 1 2.00 0.50 25
D8 -3.0 3.0 -3.0 3.0 1316 1 2.00 0.50 20
C8 -3.0 3.0 -3.0 3.0 1317 1 2.00 0.50 15
B8 -3.0 3.0 -3.0 3.0 1318 1 2.00 0.50 10
A8 -3.0 -1.0 -3.0 3.0 1319 1 2.00 0.50 5
A1 -3.0 3.0 -3.0 3.0 1320 1 2.00 0.50 -25
B1 -4.0 -2.0 -3.0 3.0 1321 1 2.00 0.50 -10
C1 -4.0 0.0 -3.0 3.0 1322 1 2.00 0.50 -5
D1 -3.0 3.0 -3.0 3.0 1323 1 2.00 0.50 0
E1 -3.0 0.0 -3.0 3.0 1324 1 2.00 0.50 0
F1 -2.5 0.5 -3.0 3.0 1325 1 3.33 0.50 0
G1 1.0 3.5 -3.0 3.0 1326 1 3.33 0.50 0
H1 -3.0 1.0 -3.0 3.0 1327 1 0.40 0.50 150
I1 -4.0 2.0 -3.0 3.0 1328 1 1.25 0.25 0
J2 -3.0 3.0 -3.0 3.0 1331 1 1.25 0.30 0
J3 -3.0 3.0 -3.0 3.0 1332 1 1.25 0.40 0
J4 -3.0 3.0 -3.0 3.0 1333 1 1.25 9999999 0
J5 -3.0 2.0 -3.0 3.0 1334 1 1.00 9999999 0
J6 -3.0 -2.0 -3.0 3.0 1335 1 1.00 0.40 0
J7 -5.0 -2.0 -3.0 -1.0 1336 1 1.00 0.30 0
I7 -3.0 3.0 -3.0 -1.0 1337 1 1.00 0.30 0
I6 -10.0 10.0 -10.0 10.0 1338 1 1.00 0.40 0
I6 5.0 -5.0 -3.0 3.0 1339 1 1.00 0.40 0
I5 -4.0 4.0 -3.0 3.0 1340 1 1.00 9999999 0
I4 -4.0 3.0 -3.0 3.0 1341 1 1.25 9999999 0
I3 -3.0 3.0 -3.0 -1.0 1342 1 1.25 0.40 0
I2 -3.0 3.0 -3.0 -1.0 1343 1 1.25 0.30 0
G4 1.0 3.0 -3.0 3.0 1344 1 3.33 0.77 0
E4 -3.0 0.0 -3.0 2.0 1345 1 2.00 0.77 0
C4 -3.5 0.5 -3.0 3.0 1346 1 2.00 0.77 -5
C4 -3.5 1.0 -3.0 3.0 1347 1 2.00 0.77 -5
A1 -3.0 3.0 -3.0 3.0 1350 1 2.00 0.50 -25
B1 -4.0 -1.0 -3.0 3.0 1351 1 2.00 0.50 -10
C1 -4.0 1.0 -3.0 3.0 1352 1 2.00 0.50 -5
D1 -3.0 3.0 -3.0 3.0 1353 1 2.00 0.50 0
F1 -10.0 10.0 -10.0 10.0 1355 1 3.33 0.50 0
G1 -1.0 4.0 -3.0 3.0 1356 1 3.33 0.50 0
H1 3.0 7.0 -3.0 3.0 1357 1 0.40 0.50 150
I1 -3.0 2.0 -3.0 3.0 1358 1 1.25 0.25 0
J1 -5.0 2.0 -3.0 3.0 1359 1 1.25 0.25 0
J2 -4.0 2.0 -3.0 -1.0 1360 1 1.25 0.30 0
I2 -4.0 2.0 -4.0 -1.0 1361 1 1.25 0.30 0
H2 -4.0 1.0 -4.0 -1.0 1362 1 0.40 0.20 0
G2 1.0 3.0 -4.0 -1.0 1363 1 3.33 0.30 0
F2 -3.0 -1.0 -4.0 -1.0 1364 1 3.33 0.30 0
D2 -4.0 4.0 -4.0 -1.0 1368 1 2.00 0.30 0
C2 -4.0 1.0 -4.0 -1.0 1369 1 2.00 0.30 -5
B2 -4.0 -3.0 -3.0 3.0 1370 1 2.00 0.30 -10
A2 -4.0 3.0 -4.0 -1.0 1371 1 2.00 0.30 -25
B3 5.0 -5.0 -3.0 3.0 1374 1 2.00 0.40 -10
C3 -3.0 -1.0 -3.0 3.0 1375 1 2.00 0.40 -5
D3 -3.0 3.0 -3.0 1.0 1376 1 2.00 0.40 0
E3 -3.0 -1.5 -3.0 1.0 1377 1 2.00 0.40 0
F3 -3.0 -1.0 -3.0 1.0 1378 1 3.33 0.40 0
G3 0.0 3.0 -3.0 3.0 1379 1 3.33 0.40 0
H3 3.0 -3.0 -3.0 3.0 1380 1 0.40 0.25 0
I3 -3.0 1.0 -3.0 3.0 1382 1 1.25 0.40 0
J3 -4.0 2.0 -3.0 3.0 1383 1 1.25 0.40 0
J4 -3.0 1.0 -3.0 3.0 1384 1 1.25 9999999 0
I4 -4.0 2.0 -3.0 3.0 1385 1 1.25 9999999 0
H4 -2.0 1.0 -3.0 3.0 1386 1 0.40 9999999 0
G4 -0.0 3.0 -3.0 3.0 1387 1 3.33 0.77 0
F4 -3.0 -1.0 -3.0 3.0 1388 1 3.33 0.77 0
E4 -3.0 -1.0 -3.0 3.0 1389 1 2.00 0.77 0
D4 -3.0 3.0 -3.0 3.0 1390 1 2.00 0.77 0
C4 -3.0 0.0 -3.0 3.0 1391 1 2.00 0.77 -5
B4 3.0 -3.0 -3.0 3.0 1392 1 2.00 0.77 -10
A4 -3.0 3.0 -3.0 3.0 1393 1 2.00 0.77 -25
A5 -3.0 0.0 -3.0 3.0 1394 1 2.00 0.77 5
F5 -3.0 0.0 -3.0 3.0 1399 1 2.50 0.77 0
G5 -3.0 0.0 -3.0 3.0 1400 1 1.67 0.77 0
H5 3.0 -3.0 -3.0 3.0 1401 1 0.80 9999999 0
H5 0.5 2.5 -3.0 3.0 1403 1 0.80 9999999 0
I5 -3.0 3.0 -3.0 3.0 1404 1 1.00 9999999 0
J5 3.0 -3.0 -3.0 3.0 1405 1 1.00 9999999 0
J6 3.0 -3.0 -3.0 3.0 1406 1 1.00 0.40 0
I6 -3.0 2.0 -3.0 3.0 1407 1 1.00 0.40 0
H6 -1.0 1.0 -3.0 3.0 1408 1 0.80 0.25 0
G6 -3.0 0.0 -3.0 3.0 1409 1 1.67 0.40 0
F6 -4.0 0.0 -3.0 3.0 1410 1 2.50 0.40 0
E6 -3.0 3.0 -3.0 3.0 1411 1 2.00 0.40 25
D6 -3.0 3.0 -3.0 3.0 1412 1 2.00 0.40 20
C6 -3.0 3.0 -3.0 3.0 1413 1 2.00 0.40 15
B6 2.0 4.0 -3.0 3.0 1414 1 2.00 0.40 10
A6 -4.0 -1.0 -3.0 3.0 1415 1 2.00 0.40 5
A7 -3.0 3.0 -3.0 3.0 1416 1 2.00 0.30 5
B7 1.0 3.0 -3.0 3.0 1417 1 2.00 0.30 10
B7 3.0 -3.0 -3.0 3.0 1418 1 2.00 0.30 10
C7 -3.0 3.0 -3.0 3.0 1419 1 2.00 0.30 15
D7 -3.0 3.0 -3.0 3.0 1421 1 2.00 0.30 20
E7 -3.0 2.0 -3.0 3.0 1422 1 2.00 0.30 25
G7 -3.0 -1.0 -3.0 3.0 1424 1 1.67 0.30 0
H7 3.0 -3.0 -3.0 3.0 1425 1 0.80 0.20 0
I7 -3.0 3.0 -3.0 3.0 1426 1 1.00 0.30 0
J7 3.0 -3.0 -3.0 3.0 1427 1 1.00 0.30 0
J8 3.0 -3.0 -3.0 3.0 1428 1 1.00 0.25 0
I8 -3.0 3.0 -3.0 3.0 1429 1 1.00 0.25 0
I8 -3.0 3.0 -3.0 3.0 1430 1 1.00 0.25 0
H8 -3.0 0.0 -3.0 3.0 1431 1 0.80 0.50 150
G8 -1.0 1.0 -3.0 3.0 1432 1 1.67 0.50 0
F8 -3.0 0.0 -3.0 3.0 1433 1 2.50 0.50 0
E8 -3.0 2.0 -3.0 3.0 1434 1 2.00 0.50 25
D8 -3.0 3.0 -3.0 3.0 1435 1 2.00 0.50 20
C8 -3.0 3.0 -3.0 3.0 1436 1 2.00 0.50 15
B8 2.0 4.0 -3.0 3.0 1437 1 2.00 0.50 10
A8 -4.0 -1.0 -3.0 3.0 1438 1 2.00 0.50 5
A9 -3.0 -1.0 -3.0 3.0 1439 1 2.00 1.00 5
A8 -4.0 -1.0 -3.0 3.0 1440 1 2.00 0.50 5
B9 1.0 4.0 -3.0 0.0 1441 1 2.00 1.00 10
C9 -3.0 3.0 -3.0 0.0 1442 1 2.00 1.00 15
D9 -3.0 3.0 -3.0 0.0 1443 1 2.00 1.00 20
E9 -3.0 3.0 -3.0 0.0 1444 1 2.00 1.00 25
F9 -3.0 0.0 -3.0 0.0 1445 1 2.50 1.00 0
G9 -3.0 -0.5 -3.0 0.0 1446 1 1.67 1.00 0
H9 -1.0 1.0 -3.0 0.0 1447 1 0.80 0.40 0
I9 -3.0 2.0 -3.0 3.0 1448 1 1.00 0.40 5
J9 3.0 -3.0 -3.0 3.0 1449 1 1.00 0.40 5
J8 3.0 -3.0 -3.0 3.0 1450 1 1.00 0.25 0
A8 -4.0 -1.0 -3.0 3.0 1451 1 2.00 0.50 5
C9 -3.0 3.0 -3.0 0.0 1452 1 2.00 1.00 15
D9 -3.0 3.0 -3.0 0.0 1453 1 2.00 1.00 20
J8 3.0 -3.0 -3.0 3.0 1454 1 1.00 0.25 0
A0 -3.0 3.0 -1.0 3.0 1455 1 2.00 1.00 -25
B0 3.0 -3.0 -3.0 3.0 1456 1 2.00 1.00 -10
C0 -4.0 -2.0 -1.0 3.0 1457 1 2.00 1.00 -5
D0 -3.0 3.0 -1.0 3.0 1458 1 2.00 1.00 0
E0 -4.0 -2.0 -1.0 3.0 1459 1 2.00 1.00 0
F0 -3.0 -1.0 -1.0 3.0 1460 1 3.33 1.00 0
G0 0.0 3.0 -1.0 3.0 1461 1 3.33 1.00 0
H0 3.0 -3.0 -3.0 3.0 1462 1 0.40 0.40 0
I0 -3.0 1.0 -3.0 3.0 1463 1 1.25 0.40 5
J0 -2.5 1.0 -3.0 3.0 1464 1 1.25 0.40 5
H8 3.0 -3.0 -3.0 3.0 1466 1 0.80 0.50 150
I2 -3.0 1.0 -1.0 3.0 1467 1 1.25 0.30 0
H8 -10.0 10.0 -10.0 10.0 1468 1 0.80 0.50 150
H8 -10.0 10.0 -10.0 10.0 1469 1 0.80 0.50 150
J0 -10.0 10.0 -10.0 10.0 1470 1 1.25 0.40 5
J0 -2.0 3.0 -3.0 3.0 1473 1 1.25 0.40 5
J0 -3.0 2.0 -3.0 3.0 1474 1 1.25 0.40 5
J1 -3.0 2.0 -3.0 3.0 1475 1 1.25 0.25 0
J2 -3.0 2.0 -3.0 3.0 1479 1 1.25 0.30 0
J3 -2.0 2.0 -4.0 1.0 1481 1 1.25 0.40 0
J4 3.0 -3.0 -3.0 3.0 1483 1 1.25 9999999 0
J5 3.0 -3.0 -3.0 3.0 1484 1 1.00 9999999 0
J6 3.0 -3.0 -3.0 3.0 1485 1 1.00 0.40 0
J7 3.0 -3.0 -3.0 3.0 1486 1 1.00 0.30 0
J8 3.0 -3.0 -3.0 3.0 1487 1 1.00 0.25 0
J9 3.0 -3.0 -3.0 3.0 1488 1 1.00 0.40 5
I9 3.0 -3.0 -3.0 3.0 1489 1 1.00 0.40 5
I8 -3.0 0.0 -2.0 3.0 1490 1 1.00 0.25 0
I7 -3.0 0.0 -2.0 3.0 1491 1 1.00 0.30 0
I6 -3.0 0.0 -3.0 2.0 1492 1 1.00 0.40 0
H1 -1.5 1.5 -3.0 2.0 1500 1 0.40 0.50 150
H2 -0.0 2.0 -3.0 2.0 1501 1 0.40 0.20 0
H3 -0.0 2.0 -3.0 2.0 1502 1 0.40 0.25 0
H3 -0.0 2.0 -3.0 2.0 1503 1 0.40 0.25 0
H4 -0.0 2.0 -3.0 2.0 1505 1 0.40 9999999 0
H4 -0.0 2.0 -3.0 2.0 1506 1 0.40 9999999 0
H5 -0.0 2.0 -3.0 2.0 1508 1 0.80 9999999 0
H6 1.0 2.0 -3.0 2.0 1509 1 0.80 0.25 0
H7 1.0 2.0 -3.0 2.0 1510 1 0.80 0.20 0
H8 1.0 2.0 -3.0 2.0 1511 1 0.80 0.50 150
H9 0.5 2.0 -3.0 2.0 1512 1 0.80 0.40 0
G9 -1.5 1.5 -3.0 0.0 1513 1 1.67 1.00 0
G8 -1.0 1.0 -2.0 1.5 1514 1 1.67 0.50 0
G7 -1.0 1.0 -2.0 1.5 1516 1 1.67 0.30 0
G6 -1.0 1.0 -3.0 2.0 1517 1 1.67 0.40 0
G5 -1.0 1.0 -3.0 2.0 1519 1 1.67 0.77 0
G4 3.0 -3.0 -3.0 2.0 1520 1 3.33 0.77 0
G3 3.0 -3.0 -3.0 2.0 1521 1 3.33 0.40 0
G2 3.0 -3.0 -3.0 2.0 1522 1 3.33 0.30 0
G1 3.0 -3.0 -3.0 2.0 1523 1 3.33 0.50 0
G0 2.0 4.0 -3.0 2.0 1524 1 3.33 1.00 0
F0 -1.5 -2.0 -3.0 2.0 1525 1 3.33 1.00 0
F1 -2.0 2.0 -3.0 2.0 1526 1 3.33 0.50 0
F2 -2.0 2.0 -3.0 2.0 1527 1 3.33 0.30 0
F3 -2.0 3.0 -3.0 2.0 1528 1 3.33 0.40 0
F5 -3.0 2.0 -3.0 2.0 1531 1 2.50 0.77 0
F6 -3.0 2.0 -3.0 2.0 1532 1 2.50 0.40 0
F7 -3.0 2.0 -3.0 2.0 1533 1 2.50 0.30 0
F8 -3.0 2.0 -3.0 2.0 1534 1 2.50 0.50 0
F9 -3.0 2.0 -5.0 0.0 1535 1 2.50 1.00 0
E9 -3.0 2.0 -3.0 2.0 1536 1 2.00 1.00 25
E8 -3.0 3.0 -3.0 2.0 1537 1 2.00 0.50 25
E7 -3.0 3.0 -3.0 2.0 1538 1 2.00 0.30 25
E6 -3.0 3.0 -3.0 2.0 1539 1 2.00 0.40 25
E5 -3.0 3.0 -3.0 2.0 1540 1 2.00 0.77 25
E4 -3.0 1.0 -3.0 1.0 1541 1 2.00 0.77 0
D1 -2.0 2.0 -3.0 2.0 1547 1 2.00 0.50 0
D2 -2.0 2.0 -1.0 2.0 1548 1 2.00 0.30 0
D3 -2.0 2.0 -3.0 2.0 1549 1 2.00 0.40 0
D4 -3.0 3.0 -3.0 1.0 1550 1 2.00 0.77 0
D5 -3.0 3.0 -3.0 2.0 1551 1 2.00 0.77 20
D6 -3.0 3.0 -3.0 1.0 1552 1 2.00 0.40 20
D7 -3.0 3.0 -1.0 2.0 1553 1 2.00 0.30 20
D7 -3.0 3.0 -1.0 2.0 1554 1 2.00 0.30 20
D8 -3.0 3.0 -3.0 2.0 1555 1 2.00 0.50 20
D9 -2.0 2.0 -1.0 1.0 1556 1 2.00 1.00 20
C9 -2.0 2.0 -3.0 0.0 1557 1 2.00 1.00 15
C8 -2.0 2.0 -3.0 2.0 1558 1 2.00 0.50 15
C7 -3.0 3.0 -1.0 2.0 1559 1 2.00 0.30 15
C6 -3.0 3.0 -3.0 2.0 1560 1 2.00 0.40 15
C5 -3.0 3.0 -3.0 2.0 1561 1 2.00 0.77 15
C4 -3.0 0.0 -3.0 1.0 1562 1 2.00 0.77 -5
C3 -3.0 1.0 -3.0 2.0 1563 1 2.00 0.40 -5
C2 -3.0 1.0 -3.0 2.0 1564 1 2.00 0.30 -5
C1 -3.0 1.0 -3.0 2.0 1565 1 2.00 0.50 -5
C0 -3.0 1.0 -3.0 2.0 1566 1 2.00 1.00 -5
B0 -4.0 -1.0 -3.0 2.0 1567 1 2.00 1.00 -10
B1 -3.0 -1.0 -3.0 2.0 1568 1 2.00 0.50 -10
B2 -3.0 -1.0 -3.0 2.0 1569 1 2.00 0.30 -10
B3 -3.0 -1.0 -3.0 1.0 1570 1 2.00 0.40 -10
B4 -3.0 -1.0 -3.0 1.0 1571 1 2.00 0.77 -10
B5 3.0 -3.0 -3.0 2.0 1572 1 2.00 0.77 10
B6 3.0 -3.0 -3.0 2.0 1573 1 2.00 0.40 10
B7 3.0 -3.0 -3.0 2.0 1574 1 2.00 0.30 10
B8 3.0 -3.0 -3.0 2.0 1575 1 2.00 0.50 10
B9 3.0 -3.0 -3.0 2.0 1576 1 2.00 1.00 10
A8 -2.0 -1.0 -3.0 2.0 1578 1 2.00 0.50 5
A7 -3.0 -1.0 -3.0 2.0 1579 1 2.00 0.30 5
A6 -3.0 -0.5 -3.0 2.0 1580 1 2.00 0.40 5
A5 -2.0 1.0 -3.0 2.0 1581 1 2.00 0.77 5
A4 -3.0 3.0 -3.0 1.0 1582 1 2.00 0.77 -25
A3 -3.0 3.0 -3.0 2.0 1583 1 2.00 0.40 -25
A2 -3.0 3.0 -3.0 2.0 1584 1 2.00 0.30 -25
A1 -2.0 2.0 -3.0 2.0 1585 1 2.00 0.50 -25
A0 -2.0 2.0 -3.0 2.0 1586 1 2.00 1.00 -25
I2 -3.0 3.0 -2.0 2.0 1588 1 1.25 0.30 0
I2 3.0 -3.0 -3.0 2.0 1593 1 1.25 0.30 0
I2 -3.0 3.0 -1.0 2.0 1601 1 1.25 0.30 0
I2 -10.0 10.0 -10.0 10.0 1602 1 1.25 0.30 0
I2 -3.0 3.0 -1.0 2.0 1604 1 1.25 0.30 0
H5 -1.0 3.0 -3.0 2.0 1633 1 0.80 9999999 0
H6 -1.0 3.0 -3.0 2.0 1634 1 0.80 0.25 0
H3 -1.0 3.0 -3.0 2.0 1635 1 0.40 0.25 0
H6 -10.0 10.0 -10.0 10.0 1637 1 0.80 0.25 0
H6 -1.0 3.0 -3.0 2.0 1639 1 0.80 0.25 0
H5 -1.0 3.0 -3.0 2.0 1671 1 0.80 9999999 0
